0000000000000000000000000000000000000000000000000000000000000000000000000000000000000000000000000000
0000000000000000000000000000000000000000000000000000000000000000000000000000000000000000000000000000
0000000000000000000000000000000000000000000000000000000000000000000000000000000000000000000000000000
0000000000000000000000000000000000000000000000000000000000000000000000000000000000000000000000000000
0000000000000000000000000000000000000000000000000000000000000000000000000000000000000000000000000000
0000000000000000000000000000000000000011111111110000000000000000000000000000000000000000000000000000
0000000000000000000000000000000000000011111111110000000000000000000000000000000000000000000000000000
0000000000000000000000000000000000000011111111110000000000000000000000000000000000000000000000000000
0000000000000000000000000000000000000011111111114000000000000000000000000000000000000000000000000000
0000000000000000000000000000000000000011111111111111111111000000000000000000000000000000000000000000
0000000000000000000000000000000000000011111111111111111111000000000000000000000000000000000000000000
0000000000000000000000000000000000000011111111111111111111000000000000000000000000000000000000000000
0000000000000000000000000000000000000000000000000000000000000000000000000000000000000000000000000000
0000000000000000000000000000000000000011111111100111111111000000000000000000000000000000000000000000
0000000000000000000000000000000000000011111111100111111111000000000000000000000000000000000000000000
0000000000000000000000000000000000000011111111100111111111111111111100000000000000000000000000000000
0000000000000000000000000000000000000011111111100111111111111111111100000000000000000000000000000000
0000000000000000000000000000000000000011111111100111111111111111111100000000000000000000000000000000
0000000000000000000000000000000000000000000000000000000000111111111100000000000000000000000000000000
0000000000000000000000000000000000000000000000000000000000111111111100000000000000000000000000000000
0000000000000000000000000000000000000011111111111000000000111111111100000000000000000000000000000000
0000000000000000000000000000000000000011111111111000000000000000000000000000000000000000000000000000
0000000000000000000000000000000000000011111111111000000000000000000000000000000000000000000000000000
0000000000000000000111111111111111111110000000000000000000000000000000000000000000000000000000000000
0000000000000000000111111111111111111110000000000000000000000000000000000000000000000000000000000000
0000000000000000000111111111111111111110000000000000000000000000000000000000000000000000000000000000
0000000000000000000111111111111111111110000000000000000000000000000000000000000000000000000000000000
0000000000000000000111111111111111111110000000000000000000000000000000000000000000000000000000000000
0000000000000000000111111111111111111110000000000000000000000000000000000000000000000000000000000000
0000000000000000000111111111111111111110000000000000000000000000000000000000000000000000000000000000
1111111111111111111111111111110000000000011111111111111111111111111111111111111111111111111111111111
1111111111111111111111111111110000000000011111111111111111111111111111111111111111111111111111111111
1111111111111111111111111111110000000000011111111111111111111111111111111111111111111111111111111111
0000000000000000000000000000000000000000011111111111111111111111111111111111111111111111111111111111
0000000000000000000000000000000000000000011111111111111111111111111111111111111111111111111111111111
0000000000000000000000000000000000000000011111111111111111111111111111111111111111111111111111111111
0001111111111111111111111111111111111111110000000000000000000000000000000000000000000000000000000000
0001111111111111111111111111111111111111110000000000000000000000000000000000000000000000000000000000
0001111111111111111111111111111111111111110000000000000000000000000000000000000000000000000000000000
0001111111111111111111111111111111111111110000000000000000000000000000000000000000000000000000000000
0000000000000000000000000000000000000000000000000000000000000000000000000000000000000000000000000000
0000000000000000000000000000000000000000000000000000000000000000000000000000000000000000000000000000
0000000000000000000000000000000000000000000000000000000000000000000000000000000000000000000000000000
0000000000000000000000000000000000000000000000000000000000000000000000000000000000000000000000000000
0000000000000000000000000000000000000000000000000000000000000000000000000000000000000000000000000000
0000000000000000000000000000000000000000000000000000000000000000000000000000000000000000000000000000
0000000000000000000000000000000000000000000000000000000000000000000000000000000000000000000000000000
0000000000000000000000000000000000000000000000000000000000000000000000000000000000000000000000000000
0000000000000000000000000000000000000000000000000000000000000000000000000000000000000000000000000000
1111111111111111111111111111111111111111111111100011111111111111111111111111111111111111111111111111
0000000000000000000000000000000000000000000000000000000000000000000000000000000000000000000000000000
0000000000000000000000000000000000000000000000000000000000000000000000000000000000000000000000000000
0000000000000000000000000000000000000000000000000000000000000000000000000000000000000000000000000000
0000000000000000000000000000000000000111111111111111111110000000000000000000000000000000000000000000
0000000000000000000000000000000000001111111111111111111111000000000000000000000000000000000000000000
0000000000000000000000000000000000011111111111111111111111100000000000000000000000000000000000000000
0000000000000000000000000000000000111111111111111111111111110000000000000000000000000000000000000000
0000000000000000000000000000000011111111111111111111111111111100000000000000000000000000000000000000
0000000000000000000000000000001111111111111111111111111111111111000000000000000000000000000000000000
0000000000000000000000000011111111111111111111111111111111111111111100000000000000000000000000000000
0000000000000000000000011111111111111111111111111111111111111111111111110000000000000000000000000000
1111111111111111111111111111111111111111111111111111111111111111111111111111111111111111111100011111
1111111111111111111111111111111111111111111111111111111111111111111111111111111111111111111110000000
0000000000000000000000000000000000000000000000000000000000000000000000000000000000011111111110000000
0000000000000000000000000000000000000000000000000111111111100000000000000000000000011111111110000000
0000000000000000000000000000000000000000000000000111111111100000000000000000000000011111111110000000
0000000000000000000000000000000000000000000000000111111111100000000000000000000000011111111110000000
0000000000000000000000000000000000000000000000000111111111100000000000000000000000011111111110000000
0000000000000000000000000000000000000000000000000111111111100000000000000000000000011111111110000000
0000000000000000000000000000000000000000000111111111111111100000000000000000000000011111111110000000
0000000000000000000000000000000000000000111111111111111111110000000000000000000000011111111110000000
0000000000000000000000000000000000000111111111111111111111110000000000000000000000000000000000000000
1111111111111111111111111111111111111111000000000000000000000000000000000000000000011111111110000000
0000000000000000000000000000000000000000000000000000000000000000000000000000000000011111111110000000
0000000000000000000000000000000000000000000000000000000000000000000000000000000000011111111110000000
0000000000000000000000000000000000000000000000000000000000000000000000000000000000011111111110000000
0000000000000000000000000000000000000000000000000000000001111111111111111111100000011111111110000000
0000000000000000011111111111111111111111111111111111111110000000000000000000000000001111111111000000
0000000000000000011111111111111111111000000000000000000000000000000000000000000000000111111111100000
0000000000000000000000000000000000000000000000000000000000000000000000000000000000000011111111110000
0000000000000000000000000000000000000000000000000000000000000000000000000000000000000001111111111000
0000000000000000000000000000000000000000000000000000000000000000000000000000000000000000000000000000
0000000000000000000000000000000000000000000000000000000000000000000000000000000000000000000000000000
0000000000000000000000000000000000000000000000000000000000000000000000000000000000000000000000000000
0000000000000000011111111110000000000000000000000000000000000000000000000000000000000000000000000000
0000000000000000011111111111111111111000000000000000000000000000000000000000000000000000000000000000
0000000000000000011111111111111111111000000000000000000000000000000000000000000000000000000000000000
0000000000000000011111111111111111111000000001111111111111111111111111111111111111111111111111100000
0000000000000000011111111110000000000000000001111111111111111111120000000000000000000000000000000000
0000000000000000011111111110000000000000000001111111111111111111100000000000000000000000000000000000
0000000000000000011111111110000000000000000001111111111111111111100000000000000000000000000000000000
0000000000000000000000000000000000000000000001111111111111111111100000000000000000000000000000000000
0000000000000000000000000000000000000000000000000000000000000000000000000000000001111111111000000000
0000000000000000000000000000000000000000000000000000000000000000000000000000000001111111111000000000
0000000000000000000000000000000000000000000001111111111111111111100000000000000001111111111000000000
0000000000000000000000000000000000000000000001111111111111111111100000000000000001111111111000000000
0000000000000000000000000000000000000000000001111111111111111111100000000000000000000000000000000000
0000000000000000000000000000000000000000000001111111111111111111100000000000000000000000000000000000
0000000000000000000000000000000000000000000001111111111111111111100000000000000000000000000000000000
0000000000000000000000000000000000000000000001111111111111111111100000000000000000000000000000000000