0000000000000000000000000000000000000000000000000000000000000000000000000000000000000000000000000004
0000000000000000000000000000000000000000000000000000000000000000000000000000000000000000000000000000
0000000000000000000000000000000000000000000000000000000000000000000000000000000000000000000000000000
0000000000000000000000000000000000000000000000000000000000000000000000000000000000000000000000000000
0111111111111111111111111111111111111111111111111111111111111111111111111111111111111111111111111111
0011111111111111100000000000000011111111111111100000000000000011111111111111100000000000000011111111
0001111111111111000000001000000001111111111111000000001000000001111111111111000000001000000001111111
0000111111111110000000011100000000111111111110000000011100000000111111111110000000011100000000111111
0000011111111100000000111110000000011111111100000000111110000000011111111100000000111110000000011111
0000001111111000000001111111000000001111111000000001111111000000001111111000000001111111000000001111
0000000111110000000011111111100000000111110000000011111111100000000111110000000011111111100000000111
0000000011100000000111111111110000000011100000000111111111110000000011100000000111111111110000000011
0000000001000000001111111111111000000001000000001111111111111000000001000000001111111111111000000001
0000000000000000011111111111111100000000000000011111111111111100000000000000011111111111111100000000
1111111111111111111111111111111111111111111111111111111111111111111111111111111111111111111111111110
0000000000000000000000000000000000000000000000000000000000000000000000000000000000000000000000000000
0111111111110001000000011111110100000001011111110001100000110111111101111111011111110100000101100000
0000001000000001000000010000010110000011010000000001110001110100000001000000010000010110001101100000
0000001000000001000000010000010010000010010000000001011011010100000001000000010000010011111001100000
0000001000000001000000010000010011000110011111000001001110010100000001000000010000010000100001100000
0000001000000001000000010000010001000100010000000001000000010100000001000000010000010000100001100000
0000001000000001000000010000010001101100010000000001000000010100000001000000010000010000100000000000
0111111111110001111111011111110000111000011111110001000000010111111101111111011111110000100001100000
0000000000000000000000000000000000000000000000000000000000000000000000000000000000000000000000000000
0111111111111111111111111111111111111111111111111111111111111111111111111111111111111111111111111111
0011111111111111100000000000000011111111111111100000000000000011111111111111100000000000000011111111
0001111111111111000000001000000001111111111111000000001000000001111111111111000000001000000001111111
0000111111111110000000011100000000111111111110000000011100000000111111111110000000011100000000111111
0000011111111100000000111110000000011111111100000000111110000000011111111100000000111110000000011111
0000001111111000000001111111000000001111111000000001111111000000001111111000000001111111000000001111
0000000111110000000011111111100000000111110000000011111111100000000111110000000011111111100000000111
0000000011100000000111111111110000000011100000000111111111110000000011100000000111111111110000000011
0000000001000000001111111111111000000001000000001111111111111000000001000000001111111111111000000001
0000000000000000011111111111111100000000000000011111111111111100000000000000011111111111111100000000
1111111111111111111111111111111111111111111111111111111111111111111111111111111111111111111111111110
0000100000000010000000000000000000100000000010000000001000000000100000000010000000001000000000100000
0000100000000010000000001000000000100000000010000000001000000000100000000010000000001000000000100000
0000100000000010000000001000000000100000000010000000000000000000100000000010000000000000000000100000
0000000000000010000000001000000000100000000010000000001000000000100000000010000000001000000000100000
0000100000000010000000001000000000000000000010000000001000000000100000000010000000001000000000100000
0000100000000010000000001000000000100000000010000000001000000000100000000000000000001000000000000000
0000100000000010000000001000000000100000000010000000001000000000100000000010000000001000000000100000
0000100000000000000000001000000000100000000010000000001000000000000000000010000000001000000000100000
0000100000000010000000001000000000100000000000000000001000000000100000000010000000001000000000100000
0111111111111111111111111111111111111111111111111111111111111111111111111111111111111111111111111111
0011111111111111100000000000000011111111111111100000000000000011111111111111100000000000000011111111
0001111111111111000000001000000001111111111111000000001000000001111111111111000000001000000001111111
0000111111111110000000011100000000111111111110000000011100000000111111111110000000011100000000111111
0000011111111100000000111110000000011111111100000000111110000000011111111100000000111110000000011111
0000001111111000000001111111000000001111111000000001111111000000001111111000000001111111000000001111
0000000111110000000011111111100000000111110000000011111111100000000111110000000011111111100000000111
0000000011100000000111111111110000000011100000000111111111110000000011100000000111111111110000000011
0000000001000000001111111111111000000001000000001111111111111000000001000000001111111111111000000001
0000000000000000011111111111111100000000000000011111111111111100000000000000011111111111111100000000
1111111111111111111111111111111111111111111111111111111111111111111111111111111111111111111111111110
0000000000000000000000000000000000000000000000000000000000000000000000000000000000000000000000000000
1111111111111111111110111111111111111111111111111111111111111111111111111111011111111111111111111111
0000000000000000000000000000000000000000000000000000000000000000000000000000000000000000000000000000
1111111111111111111111111111111111101111111111111111111111011111111111111111111111111111111111111111
0000000000000000000000000000000000000000000000000000000000000000000000000000000000000000000000000000
1111111111111111111111111111111111111111101111111111011111111111111111111111111111111111111111111111
0000000000000000000000000000000000000000000000000000000000000000000000000000000000000000000000000000
1111111111111111111111111111111111111111111111101111111111111111111111111111111111111111111111111111
0000000000000000000000000000000000000000000000000000000000000000000000000000000000000000000000000000
0111111111111111111111111111111111111111111111111111111111111111111111111111111111111111111111111111
0011111111111111100000000000000011111111111111100000000000000011111111111111100000000000000011111111
0001111111111111000000001000000001111111111111000000001000000001111111111111000000001000000001111111
0000111111111110000000011100000000111111111110000000011100000000111111111110000000011100000000111111
0000011111111100000000111110000000011111111100000000111110000000011111111100000000111110000000011111
0000001111111000000001111111000000001111111000000001111111000000001111111000000001111111000000001111
0000000111110000000011111111100000000111110000000011111111100000000111110000000011111111100000000111
0000000011100000000111111111110000000011100000000111111111110000000011100000000111111111110000000011
0000000001000000001111111111111000000001000000001111111111111000000001000000001111111111111000000001
0000000000000000011111111111111100000000000000011111111111111100000000000000011111111111111100000000
1111111111111111111111111111111111111111111111111111111111111111111111111111111111111111111111111110
0000000000000000000000000000000000000000000000000000000000000000000000000000000000000000000000000000
0000000000111111111110010010010000011111111110100000000101000000000011111111110111111111100000000000
0000000000100000000010001010100000010000000010100000000101000000000010000000000100000000000000000000
0000000000100000000010011111110000010000000010100000000101000000000010000000000100000000000000000000
0000000000111111111110001010100000011111111110100000000101000000000011111100000111111111100000000000
0000000000100000000010010010010000010111000000100000000101000000000010000000000000000000100000000000
0000000000100000000010000000000000010001111000100000000101000000000010000000000000000000100000000000
0000000000100000000010000000000000010000001110111111111101111111111011111111110111111111100000000000
0000000000000000000000000000000000000000000000000000000000000000000000000000000000000000000000000000
0111111111111111111111111111111111111111111111111111111111111111111111111111111111111111111111111111
0011111111111111100000000000000011111111111111100000000000000011111111111111100000000000000011111111
0001111111111111000000001000000001111111111111000000001000000001111111111111000000001000000001111111
0000111111111110000000011100000000111111111110000000011100000000111111111110000000011100000000111111
0000011111111100000000111110000000011111111100000000111110000000011111111100000000111110000000011111
0000001111111000000001111111000000001111111000000001111111000000001111111000000001111111000000001111
0000000111110000000011111111100000000111110000000011111111100000000111110000000011111111100000000111
0000000011100000000111111111110000000011100000000111111111110000000011100000000111111111110000000011
0000000001000000001111111111111000000001000000001111111111111000000001000000001111111111111000000001
0000000000000000011111111111111100000000000000011111111111111100000000000000011111111111111100000000
1111111111111111111111111111111111111111111111111111111111111111111111111111111111111111111111111110
0000000000000000000000000000000000000000000000000000000000000000000000000000000000000000000000000000
0000000000000000000000000000000000000000000000000000000000000000000000000000000000000000000000000000
0000000000000000000000000000000000000000000000000000000000000000000000000000000000000000000000000000
0000000000000000000000000000000000000000000000000000000000000000000000000000000000000000000000000000
2000000000000000000000000000000000000000000000000000000000000000000000000000000000000000000000000000