0000000000000000000000000000000000000000000000000000000000000000000000000000000000000011111111110000
0000000000000000000000000000000000000000000400000000000000000000000000000000000000000001111111111000
0000000000000000000000000000000000000000000000000000000000000000000000000000000000000000000000000000
0000000000000000000000000000000000000000000000000000000000000000000000000000000000000000000000000000
0000000000000000000000000000000000000000000000000000000000000000000000000000000000000000000000000000
0000000000000000011111111110000000000000000000000000000000000000011111111110000000000000000000000000
0000000000000000011111111110000000000000000000000000000000000000011111111110000000000011111111110000
0000000000000000011111111110000000000000000000000000000000000000011111111110000000000001111111111000
0000000000000000011111111110000000000000000000000000000000000000011111111110000000000000000000000000
0000000000000000011111111110000000000000000000000000001111111111111111111100000000000000000000000000
0000000000000000011111111110000000000000000000000000001111111111000000000000000000000000000000000000
0000000000000000011111111110000000000000000001111111111000000000000000000000000000000000000000000000
0000000000000000000001111111111000001111111111000000000000000000000000000000000000000011111111110000
0000000000000000000001111111111001111111111000000000000000000000000000000000000000000001111111111000
0000000000000000000001111111111000000000000000000000000000000000000000000000000000000000000000000000
0000000000000000000000000000000111111111100000000000000000000000000000000000000000000000000000000000
0000000000000000000000000000000111111111100000111111111100000000000000000000000000000000000000000000
0000000000000000011111111110000111111111100000111111111100000000000000000000000000000000000000000000
0000000000000000011111111110000111111111100000000001111111111000000000000000000000000011111111110000
0000000111111111110000000000000111111111100000000001111111111000000000000000000000000001111111111000
1111111111000000000000000000000111111111100000000000000011111111110000000000000000000000000000000000
1111111111000000000000000011111111110000000000000001111111111000000000000000000000000000000000000000
1111111111000000000000000011111111110000000000000001111111111000000000000000000000000000000000000000
1111111111000000011111111110000000000000000000111111111100000000000000000000000000000000000000000000
1111111111000000011111111110000000000000011111111110000000000000000000000000000000000011111111110000
1111111111001111111111000000000000011111111110000000000000000000000000000000000000000001111111111000
1111111111001111111111000000001111111111000000000000000000000000000000000000000000000000000000000000
1111111111001111111111000000111111111110000000000000000000000000000000000000000000000000000000000000
1111111111000000011111111110000111111111100000000000000000000000000000000000000000000000000000000000
0000011111111110011111111110000011111111110000000000000000000000000000000000000000000000000000000000
0000011111111110000000000000000000001111111111000000000000000000000000000000000000000011111111110000
0000011111111110000000000000000000000000001111111111000000000000000000000000000000000001111111111000
0000000000111111111100000000000000000000000000000111101111100000000000000000000000000000000000000000
0000000000111111111100000000000000000000000000000000000000111111111100000000000000000000000000000000
0000000000111111111100000000000000000000000000000000000000001111111111000000000000000000000000000000
0000000000000000011111111110000000000000000000000000000000000111111111100000000000000000000000000000
0000000000000000000000000000000000000000000000000000000000000000001111111111000000000111111111100000
0000000000000000000000000000000000000000000000000000000000000000000001111111111000000001111111111000
0000000000000000000000000000000000000000000000000000000000000000000000001111111111000000000000000000
0000000000000000000000000000000000000000000000000000000000000000000000000000111111111100000000000000
0000000000000000000000000000000000000000000000000000000000000000000001111111111000000000000000000000
0000000000000000011111111110000000000000000000000000000000000000111111111100000000000000000000000000
0000000000000000000000000000000000000000000000000000000000011111111110000000000000000011111111110000
0000000000000000000000000000000000000000000000000000001111111111000000000000000000000001111111111000
0000000000000000000000000000000000000000000000001111111111000000000000000000000000000000000000000000
0000000000000000000000000000000000000000000000000000000000000000000000000000000000000000000000000000
0000000000000000000000000000000000000000000000000000000000000000000000000000000000000000000000000000
0000000000000000011111111110000000000000000000000000000000000000000000000000000000000000000000000000
0000000000000000000000000000000000000000000000000000000000000000000000000000000000000011111111110000
0000000000000000000000000000000000000000000000000000000000000000000000000000000000000001111111111000
0000000000000000000000000000000000011111111111111111111111111111100000000000000000000000000000000000
0000000000000000111111111111111111111111111111111111111111111111110000000000000000000000000000000000
0000000000000000000000000000000000000000000000000000000000000000011111111111111111111000000000000000
0000000000000000011111111110000000000000000000000000000000000000000000000000000000000000000000000000
0000000000000000000000000000000000000000000000000000000000000000000000000000000000000011111111110000
0000000000000000000000000000000000000000000000000000000000000000000000000000000000000001111111111000
0000000000000000000000000000000000000000000000000000000000000000000000000000000000000000000000000000
0000000000000000000000000000000000000000000000000000000000000000000000000000000000000000000000000000
1111111111111111111111111111111111111111111111111111111111111111111111111111110011111111111111111111
0000000000000000000000000000000000000000000000000000000000000000000000000000000000000000000000000000
0000000000000011111000000111111111100000011000011000110000000000011111111100000000110000000000000000
0000000000000110001100000111111111100000011000110000110000000000011111111100000000110000000000000000
0000000000000110000110000000011000000000011001100000110000000000011000000000000000110000000000000000
0000000000000110001100000000011000000000011011000000110000000000011000000000000000110000000000000000
0000000000000110011000000000011000000000011110000000110000000000011000000000000000110000000000000000
0000000000000110110000000000011000000000011110000000110000000000011111111100000000110000000000000000
0000000000000111100000000000011000000000011011000000110000000000000000001100000000110000000000000000
0000000000000110110000000000011000000000011001100000110000000000000000001100000000000000000000000000
0000000000000110011000000111111111100000011000110000111111111100011111111100000000110000000000000000
0000000000000110001100000111111111100000011000011000111111111100011111111100000000110000000000000000
0000000000000000000000000000000000000000000000000000000000000000000000000000000000000000000000000000
0000000000000000000000000000000000011100000011000000110000001100000011000000111000000000000000000000
0000011111111111000000000000000000011110000111100001111000011110000111100001111000000011111111110000
0000001111111111100000000000000000011011001100110011001100110011001100110011011000000001111111111000
0000000000000000000000000000000000011001111000011110000111100001111000011110011000000000000000000000
0000000000000000000000000000000000011000110000001100000011000000110000001100011000000000000000000000
0000000000000000000000000000000000011000000000000000000000000000000000000000011000000000000000000000
0000000000000000000000000000000000011111111111111111111111111111111111111111111000000000000000000000
0000001111111111100000000000000000011111111111111111111111111111111111111111111000000011111111110000
0000000111111111110000000000000000000000000000000000000000000000000000000000000000000001111111111000
0000000000000000000000000000000000000000000111100000000000000111111111111111100000000000000000000000
0000000000000000000000000000000000000000001101100000000000000111111111111111100000000000000000000000
0000000000000000000000000000000000000000011000011000000000000000000011000000000000000000000000000000
0000000000000000000000000000000000000000110000001100000000000000000011000000000000000000000000000000
0000000111111111110000000000000000000001100000000110000000000000000011000000000000000011111111110000
0000000011111111111000000000000000000011000000000011000000000000000011000000000000000001111111111000
0000000000000000000000000000000000000110000000000001100000000000000011000000000000000000000000000000
0000000000000000000000000000000000001111111111111111110000000000000011000000000000000000000000000000
0000000000000000000000000000000000011000000000000000011000000000000011000000000000000000000000000000
0000000000000000000000000000000000110000000000000000001100000000000011000000000000000000000000000000
0000000111111111110000000000000011000000000000000000001100000000000011000000000000000011111111110000
0000000011111111111000000000000011000000000000000000000011000111111111111111100000000001111111111000
0000000000000000000000000000000110000000000000000000000001100111111111111111100000000000000000000000
0000000000000000000000000000000000000000000000000000000000000000000000000000000000000000000000000000
0000000000000000000000000000000000000000000000000000000000000000000000000000000000000000000000000000
0000000000000000000000000000000000000000000000000000000000000000000000000000000000000000000000000000
0000000111111111110000000000000000000000000000000000000000000000000000000000000000000011111111110000
0000000111111111110000000000000000000000000000000000000000000000000000000000000000000001111111111000
0000000000000000000000000000000000000000000000000000000000000000000000000000000000000000000000000000
0000000000000000000000000000000000000000000000000000000000000000000000000020000000000000000000000000