1111111111111111111100000000000000000000000000000000000000000000000000000000000000000000000000000000
1111111111111111111100000000000000000000000000000000200000000000000000000000000000000000000000000000
1111111111111111111100000000000000000000000000000000000000000000000000000000000000000000000000000000
1111111111111111111100000000000000000000000000000000000000000000000000000000000000000000000000000000
1111111111111111111100000000000000000000000000000000000000000000000000000000000000000000000000000000
0000000000000000000000000111111111111111111110000000000000000000000000000000000000000000000000000000
0000000000000000000000000111111111111111111110000000000000000000000000000000000000000000000000000000
0000000000000000000000000111111111111111111110000000000000001111111111111111111111111111111111111111
0000000000000000000000000111111111111111111110000000000000001111111111111111111111111111111111111111
0000000000000000000000000111111111111111111110000000000000001111111111111111111111111111111111111111
0000000000000000000000000111111111111111111110000000000000001111111111111111111111111111111111111111
0000000000000000000000000111111111111111111110000000000000001111111111111111111111111111111111111111
0000000000000000000000000111111111111111111110000000000000011111111111111111111111111111111111111110
0000000000000000000000000111111111111111111110000000000000111111111111111111111111111111111111111100
0000000000000000000000000111111111111111111110000000000001111111111111111111111111111111111111111000
0000000000000000000000000111111111111111111110000000000011111111111111111111111111111111111111110000
0000000000000000000000000111111111111111111110000000000111111111111111111111111111111111111111100000
0000000000000000000000000111111111111111111110000000001111111111111111111111111111111111111111000000
0000000000000000000000000111111111111111111110000000000111111111111111111111111111111111111111100000
0000000000000000000000000111111111111111111110000000000011111111111111111111111111111111111111110000
0000000000000000000000000111111111111111111110000000000001111111111111111111111111111111111111111000
0000000000000000000000000111111111111111111110000000000000111111111111111111111111111111111111111100
0000000000000000000000000111111111111111111110000000000000011111111111111111111111111111111111111100
0000000000000000000000000111111111111111111110000000000000000000000000000000000000000000000000000000
0000000000000000000000000111111111111111111111111111111100000000000000000000000000000000000000000000
0000000000000000000000000111111111111111111111111111111111111111100000000000000000000000000000000000
0000000000000000000000000111111111111111111111111111111111111111100000000000000000000000000000000000
0000000000000000000000000111111111111111111111111111111111111111100000000000000000000000000000000000
0000000000000000000000000000000000000000000001111111111111111111100000000000000000000000000000000000
0000000000000000000000000000000000000000000001111111111111111111100000000000000000000000000000000000
0000000000000000000000000000000000000000000001111111111111111111100000000000000000000000000000000000
0000000000000000000000000000000000000000000001111111111111111111100000000000000000000000000000000000
0000000000000000000000000000000000000000000001111111111111111111100000000000000000000000000000000000
0000000000000000000000000000000000000000000001111111111111111111100000000000000000000000000000000000
0000000000000000000000000000000000000000000001111111111111111111100000000000000000000000000000000000
0000000000000000000000000000000000000000000001111111111111111111100000000000000000000000000000000000
0000000000000000000000000000000000000000000001111111111111111111100000000000000000000000000000000000
0000000000000000000000000000000000000000000001111111111111111111100000000000000000000000000000000000
0000000000000000000000000000000000000000000001111111111111111111100000000000000000000000000000000000
0000000000000000000000000000000000000000000001111111111111111111100000000000000000000000000000000000
0000000000000000000000000000000000000000000001111111111111111111100000000000000000000000000000000000
0000000000000000000000000000000000000000000000111111111111111111110000000000000000000000000000000000
0000000000000000000000000000000000000000000000011111111111111111111000000000000000000000000000000000
0000000000000000000000000000000000000000000000001111111111111111111100000000000000000000000000000000
0000000000000000000000000000000000000000000000000111111111111111111110000000000000000000000000000000
0000000000000000000000000000000000000000000000000011111111111111111111000000000000000000000000000000
0000000000000000000000000000000000000000000000000001111111111111111111100000000000000000000000000000
0000000000000000000000000000000000000000000000000000111111111111111111110000000000000000000000000000
0000000000000000000000000000000000000000000000000000011111111111111111111000000000000000000000000000
0000000111111111111111111111111111111111111111100000001111111111111111111100000000000000000000000000
0000000111111111111111111111111111111111111111100000000111111111111111111110000000000000000000000000
0000000111111111111111111111111111111111111111100000000011111111111111111111000000000000000000000000
0000000111111111111111111111111111111111111111100000000001111111111111111111100000000000000000000000
0000000111111111111111111111111111111111111111100000000000111111111111111111110000000000000000000000
0000000111111111111111111111111111111111111111100000000000011111111111111111111000000000000000000000
0000000111111111111111111111111111111111111111100000000000001111111111111111111100000000000000000000
0000000111111111111111111111111111111111111111100000000000000111111111111111111110000000000000000000
0000000111111111111111111111111111111111111111100000000000000011111111111111111111000000000000000000
0000000111111111111111111111111111111111111111100000000000000001111111111111111111100000000000000000
0000000111111111111111111111111111111111111111100000000000000000111111111111111111110000000000000000
0000000111111111111111111111111111111111111111100000000000000000011111111111111111111000000000000000
0000000111111111111111111111111111111111111111100000000000000000001111111111111111111100000000000000
0000000000000000000000000000000000000000000000000000000000000000000111111111111111111110000000000000
0000000000000000000000000000000000000000000000000000000000000000000011111111111111111111000000000000
0000000000000000000000000000000000000000000000000000000000000000000001111111111111111111100000000000
0000000000000000000000000000000000000000000000000000000000000000000000111111111111111111110000000000
0000000000000000000000000000000000000000000000000000000000000000000000011111111111111111111000000000
0000000000000000000000000000000000000000000000000000000000000000000000001111111111111111111100000000
0000000000000000000000000000000000000000000000000000000000000000000000000111111111111111111110000000
1111111111111111111111111111111111111111111111000000000000000000000000000011111111111111111111000000
1111111111111111111111111111111111111111111111000000000000000000000000000001111111111111111111100000
1111111111111111111111111111111111111111111111000000000000000000000000000000111111111111111111110000
1111111111111111111111111111111111111111111111000000000000000000000000000000011111111111111111111000
1111111111111111111111111111111111111111111111000000000000000000000000000000000000000000000000000000
1111111111111111111111111111111111111111111111000000000000000000000000000000000000000000000000000000
1111111111111111111111111111111111111111111111000000000000000000000000000000000000000000000000000000
1111111111111111111111111111111111111111111111000000000000000000000000000000000000000000000000000000
1111111111111111111111111111111111111111111111000000000000000000000000000000000000000000000000000000
1111111111111111111111111111111111111111111111000000000000000000000000000000000000000000000000000000
1111111111111111111111111111111111111111111111000000000000000000000000000000000000000000000000000000
1111111111111111111111111111111111111111111111000000000000000000000000000000000000000000000000000000
1111111111111111111111111111111111111111111111000000000000000000000000000000000000000000000000000000
1111111111111111111111111111111111111111111111000000000000000000000011111111111111111111111111111111
1111111111111111111111111111111111111111111111000000000000000000000011111111111111111111111111111111
1111111111111111111111111111111111111111111111000000000000000000000011111111111111111111111111111111
1111111111111111111111111111111111111111111111000000000000000000000011111111111111111111111111111111
1111111111111111111111111111111111111111111111000000000000000000000011111111111111111111111111111111
1111111111111111111111111111111111111111111111000000000000000000000011111111111111111111111111111111
1111111111111111111111111111111111111111111111000000000040000000000011111111111111111111111111111111
1111111111111111111111111111111111111111111111000000000000000000000011111111111111111111111111111111
1111111111111111111111111111111111111111111111000000000000000000000011111111111111111111111111111111
1111111111111111111111111111111111111111111111000000000000000000000011111111111111111111111111111111
1111111111111111111111111111111111111111111111000000000000000000000011111111111111111111111111111111
1111111111111111111111111111111111111111111111000000000000000000000011111111111111111111111111111111
1111111111111111111111111111111111111111111111000000000000000000000011111111111111111111111111111111
1111111111111111111111111111111111111111111111000000000000000000000011111111111111111111111111111111
1111111111111111111111111111111111111111111111000000000000000000000011111111111111111111111111111111
1111111111111111111111111111111111111111111111000000000000000000000011111111111111111111111111111111
1111111111111111111111111111111111111111111111000000000000000000000011111111111111111111111111111111
1111111111111111111111111111111111111111111111000000000000000000000011111111111111111111111111111111